10,16
10,109
10,303
10,27
10,33
10,230
10,7
10,23
11,17
11,5
11,11
11,27
11,18
11,2
11,3
9,4
9,6
8,7
8,16
8,6
8,10
8,9
0,487
12,2
64,5
12,1
64,4
12,3
64,3
64,2
64,1
64,0
63,6
63,5
63,4
63,3
63,2
63,1
63,0
62,4
62,3
62,2
62,1
62,0
61,5
61,4
61,3
61,2
61,1
61,0
60,8
60,7
60,6
60,5
60,4
60,3
60,2
60,1
60,0
59,5
59,4
59,3
59,2
59,1
59,0
58,3
58,2
58,1
58,0
57,4
57,3
57,2
57,1
57,0
56,5
56,4
56,3
56,2
56,1
56,0
55,3
55,2
55,1
55,0
51,8
51,7
51,6
51,5
19,2
51,4
19,1
51,3
19,3
51,2
51,1
51,0
50,3
50,2
50,1
40,3
40,1
37,3
37,1
36,4
36,3
36,1
31,4
31,3
31,1
30,4
30,3
30,1
27,6
27,1
27,5
20,3
20,2
20,1
